# Camera list with one line of data per camera:
#   CAMERA_ID, MODEL, WIDTH, HEIGHT, PARAMS[]
# Number of cameras: 99
1 SIMPLE_RADIAL 400 400 1357.4188912764346 200 200 0.501485549553642
2 SIMPLE_RADIAL 400 400 1306.269595959704 200 200 -0.42992566946349159
3 SIMPLE_RADIAL 400 400 1463.942321881236 200 200 1.3461839604534962
4 SIMPLE_RADIAL 400 400 1235.0933170721594 200 200 -0.42906324959409542
5 SIMPLE_RADIAL 400 400 1403.1478551614889 200 200 -0.32902838810421337
6 SIMPLE_RADIAL 400 400 1437.0208881778958 200 200 0.9688950374009988
7 SIMPLE_RADIAL 400 400 1655.0635746751202 200 200 -0.24740532414355093
8 SIMPLE_RADIAL 400 400 1662.6925757791539 200 200 -4.095757032338895
9 SIMPLE_RADIAL 400 400 837.35301496782949 200 200 -0.072869808355639026
11 SIMPLE_RADIAL 400 400 1293.4360574120624 200 200 0.84102516566994989
12 SIMPLE_RADIAL 400 400 1204.6693681837794 200 200 0.88361070999273983
13 SIMPLE_RADIAL 400 400 1218.1926560968313 200 200 0.50761883807053776
14 SIMPLE_RADIAL 400 400 1324.7217542633286 200 200 0.24890059116901617
15 SIMPLE_RADIAL 400 400 1615.6307505170057 200 200 -1.6416922899612807
16 SIMPLE_RADIAL 400 400 1308.0876242323704 200 200 -0.73341858752997302
17 SIMPLE_RADIAL 400 400 1307.2514154889338 200 200 0.78154340852237092
18 SIMPLE_RADIAL 400 400 1406.6491514524105 200 200 -1.105694669651927
19 SIMPLE_RADIAL 400 400 1379.6755422596812 200 200 0.031781985672709574
20 SIMPLE_RADIAL 400 400 1476.780944757264 200 200 -1.6413038411769267
21 SIMPLE_RADIAL 400 400 1357.4411091632289 200 200 -0.41323069458942957
22 SIMPLE_RADIAL 400 400 1535.9900032631838 200 200 -0.79309307979062516
23 SIMPLE_RADIAL 400 400 1530.6217766528318 200 200 -0.46078286617915964
24 SIMPLE_RADIAL 400 400 1286.4097019044827 200 200 2.0767488095607574
25 SIMPLE_RADIAL 400 400 1291.0217913038493 200 200 -1.1733757508343488
26 SIMPLE_RADIAL 400 400 1295.047708415022 200 200 -0.88908187717995546
27 SIMPLE_RADIAL 400 400 1431.53029227959 200 200 0.011557526357942589
28 SIMPLE_RADIAL 400 400 1158.480584044936 200 200 -1.3872823017474634
29 SIMPLE_RADIAL 400 400 1310.1136246414701 200 200 -0.26761562755473733
30 SIMPLE_RADIAL 400 400 1339.911036483255 200 200 0.051853867905679425
31 SIMPLE_RADIAL 400 400 1397.2358239238556 200 200 -1.6407230500090091
32 SIMPLE_RADIAL 400 400 1364.223037899359 200 200 -1.830609238499243
33 SIMPLE_RADIAL 400 400 1401.6399022882185 200 200 -0.91800953595808699
34 SIMPLE_RADIAL 400 400 2186.3740639873513 200 200 -2.3706792960074679
35 SIMPLE_RADIAL 400 400 1160.8912948646287 200 200 -0.44188164016151382
36 SIMPLE_RADIAL 400 400 1199.9339658866882 200 200 -1.8002003787959591
37 SIMPLE_RADIAL 400 400 1515.4319066128464 200 200 0.42945176309462502
38 SIMPLE_RADIAL 400 400 1363.1732048776325 200 200 1.3525342381203957
39 SIMPLE_RADIAL 400 400 1394.3552384628256 200 200 -0.18039340665025322
40 SIMPLE_RADIAL 400 400 1574.6087058262649 200 200 -0.014727864162556044
41 SIMPLE_RADIAL 400 400 1439.705171732453 200 200 -0.44254695949442169
42 SIMPLE_RADIAL 400 400 1664.7887930399174 200 200 -0.67986999322096675
43 SIMPLE_RADIAL 400 400 1589.1865726614346 200 200 -2.0338594904007508
44 SIMPLE_RADIAL 400 400 1634.1856104343544 200 200 -0.67529815219341671
45 SIMPLE_RADIAL 400 400 2162.7242803012487 200 200 -0.01993592704572333
46 SIMPLE_RADIAL 400 400 1432.2265136229814 200 200 -0.82809011118557796
47 SIMPLE_RADIAL 400 400 1527.585197176116 200 200 -3.5750201001062551
48 SIMPLE_RADIAL 400 400 1577.9009744663147 200 200 0.13930297426978772
49 SIMPLE_RADIAL 400 400 1587.4651904259069 200 200 -0.57443640765287274
50 SIMPLE_RADIAL 400 400 1685.0677106769067 200 200 -0.64930457053174551
51 SIMPLE_RADIAL 400 400 1450.3353761600526 200 200 -3.4873819289970447
52 SIMPLE_RADIAL 400 400 1432.8763064356556 200 200 -0.20370244875048904
53 SIMPLE_RADIAL 400 400 1336.8877454277665 200 200 -1.3370856111509866
54 SIMPLE_RADIAL 400 400 1443.0948456175158 200 200 0.1767146803512086
55 SIMPLE_RADIAL 400 400 1539.5000041425019 200 200 0.98162492343897856
56 SIMPLE_RADIAL 400 400 3061.9813124633806 200 200 -11.338963424051594
57 SIMPLE_RADIAL 400 400 1647.0419576528006 200 200 -1.6898247873072176
58 SIMPLE_RADIAL 400 400 1431.7705003714609 200 200 0.92176192096776177
59 SIMPLE_RADIAL 400 400 1471.9822323633634 200 200 -0.63687803864067261
60 SIMPLE_RADIAL 400 400 1447.0965119810201 200 200 -2.1806586345423025
61 SIMPLE_RADIAL 400 400 1435.3483941801692 200 200 -1.4468691042809134
62 SIMPLE_RADIAL 400 400 1788.1085748259411 200 200 -1.1666413211967037
63 SIMPLE_RADIAL 400 400 1723.4513862826582 200 200 -0.76311384500513801
64 SIMPLE_RADIAL 400 400 1325.3249579631747 200 200 -0.56031246595431528
65 SIMPLE_RADIAL 400 400 1253.5760492944833 200 200 1.1825467229906852
66 SIMPLE_RADIAL 400 400 1248.0754646745108 200 200 -0.15390616421388872
67 SIMPLE_RADIAL 400 400 1255.130068834774 200 200 -0.034453121086196165
68 SIMPLE_RADIAL 400 400 1377.4643417173302 200 200 -1.6498842319123912
69 SIMPLE_RADIAL 400 400 1340.7711521568183 200 200 0.73504181455362083
70 SIMPLE_RADIAL 400 400 1355.7840177213427 200 200 -1.4606719736925233
71 SIMPLE_RADIAL 400 400 1301.7260418004712 200 200 0.3415559221147535
72 SIMPLE_RADIAL 400 400 1424.669686156916 200 200 -1.5202521661766155
73 SIMPLE_RADIAL 400 400 1993.4515404532694 200 200 -0.9169068383994543
74 SIMPLE_RADIAL 400 400 1325.1192580532434 200 200 -0.61780411494824772
75 SIMPLE_RADIAL 400 400 1688.2235474011509 200 200 -2.4592320663276452
76 SIMPLE_RADIAL 400 400 1714.6222555936897 200 200 0.9269525483899016
77 SIMPLE_RADIAL 400 400 1196.3679533821626 200 200 0.98345374959063026
78 SIMPLE_RADIAL 400 400 1263.0593277390603 200 200 0.60849509285470971
79 SIMPLE_RADIAL 400 400 1394.8646672162795 200 200 0.89750127091792131
80 SIMPLE_RADIAL 400 400 1400.1877105108101 200 200 0.37464794992292527
81 SIMPLE_RADIAL 400 400 1485.3020990457758 200 200 0.56349997111040828
82 SIMPLE_RADIAL 400 400 1577.8581977181504 200 200 -1.4476749226250885
83 SIMPLE_RADIAL 400 400 1840.2888726859862 200 200 -2.2880083674730241
84 SIMPLE_RADIAL 400 400 1466.2628580882485 200 200 1.124277679938426
85 SIMPLE_RADIAL 400 400 1386.8869019059598 200 200 -1.1627142605354785
86 SIMPLE_RADIAL 400 400 1564.7645614033729 200 200 3.2118128576535483
87 SIMPLE_RADIAL 400 400 1510.2399474700296 200 200 0.26686442515454839
88 SIMPLE_RADIAL 400 400 1279.6494405950302 200 200 -1.5191441416600735
89 SIMPLE_RADIAL 400 400 2093.5675628374333 200 200 -2.9917312952079422
90 SIMPLE_RADIAL 400 400 1509.6737618491206 200 200 0.15245715643403063
91 SIMPLE_RADIAL 400 400 1489.2326352334389 200 200 1.3580444577683879
92 SIMPLE_RADIAL 400 400 1524.0166746295447 200 200 0.26380651900864605
93 SIMPLE_RADIAL 400 400 1598.9359738676083 200 200 -2.5062623871211542
94 SIMPLE_RADIAL 400 400 2332.8480721296437 200 200 -5.5538773134899024
95 SIMPLE_RADIAL 400 400 1455.1461803959141 200 200 -0.42322538407432519
96 SIMPLE_RADIAL 400 400 1669.4928137045758 200 200 -2.6517052180670895
97 SIMPLE_RADIAL 400 400 1548.7855069509276 200 200 -0.37335646865561239
98 SIMPLE_RADIAL 400 400 1512.5867953219661 200 200 1.3891776216842575
99 SIMPLE_RADIAL 400 400 1302.4612843661778 200 200 2.2960626102371386
100 SIMPLE_RADIAL 400 400 1370.8276112072413 200 200 -1.2738161373260481
